2
5
11
12
13
14
15
18
19
20
22
24
25
28
33
38
55
58
62
63
64
65
66
68
70
73
75
76
77
78
80
81
85
87
89
90
95
98
99
100
101
103
104
105
106
107
110
111
113
115
117
120
121
122
123
128
129
132
134
136
137
138
141
143
145
146
147
149
153
155
161
162
163
164
165
173
179
180
184
185
187
194
196
197
198
199
203
204
205
207
213
217
218
223
234
235
238
239
240
242
247
252
253
256
261
262
265
268
272
274
275
277
278
279
280
284
285
288
289
290
296
301
303
307
309
310
311
319
320
322
329
330
331
334
335
336
338
343
345
346
348
350
363
364
378
379
380
381
387
389
391
393
395
404
406
408
409
414
415
421
422
423
424
425
426
427
429
430
431
433
437
439
440
453
454
457
468
470
473
476
483
488
489
490
496
497
500
505
506
510
521
524
525
534
539
544
548
550
557
560
562
564
567
568
571
573
574
578
579
581
582
583
585
587
591
592
593
594
595
597
598
599
600
601
602
603
604
605
606
607
609
613
614
618
620
622
624
625
626
627
629
630
631
632
633
635
637
638
639
640
641
642
643
644
646
652
653
654
662
665
666
669
670
671
672
673
674
675
679
680
686
688
692
694
697
701
702
705
708
712
744
745
752
753
755
756
759
762
765
767
769
770
772
780
782
783
788
790
791
792
793
797
800
801
802
803
804
805
807
808
810
812
813
820
821
826
827
828
829
832
833
838
839
840
841
845
847
853
854
856
857
861
862
863
866
870
871
872
874
877
882
885
886
887
892
901
903
905
907
909
910
914
916
920
921
923
925
926
927
935
936
938
939
940
941
942
947
948
949
953
954
961
962
963
964
966
967
968
975
976
978
981
984
985
986
990
992
995
996
1018
1024
1050
1059
1091
1092
1093
1103
1124
1125
1164
1165
1213
1246
1248
1251
1255
1271
1272
1359
1360
1365
1366
1367
1368
1369
1371
1372
1374
1375
1381
1391
1398
1402
1405
1406
1417
1422
1433
1480
1487
1491
1523
1535
1538
1542
1547
1556
1563
1571
1572
1573
1576
1578
1579
1580
1585
1586
1587
1592
1598
1607
1624
1626
1630
1632
1640
1643
1645
1648
1653
1669
1689
1700
1716
1717
1724
1725
1726
1730
1771
1779
1788
1813
1833
1850
1857
1858
1859
1865
1878
1885
1891
1892
1893
1894
1895
1902
1903
1907
1908
1923
1924
1930
1933
1934
1939
1948
1949
1954
1975
1991
1992
1994
1995
2000
2013
2016
2024
2039
2048
2062
2078
2080
2099
2105
2108
2110
2118
2148
2153
2239
2251
2252
2253
2277
2288
2291
2292
2322
2433
2440
2457
2493
2501
2503
2567
2593
2604
2605
2609
2617
2649
2666
2675
2690
2760
2769
2787
2789
2832
2841
2891
2897
2898
2929
3031
3034
3035
3049
3062
3078
3080
3082
3083
3085
3086
3089
3090
3110
3114
3131
3175
3427
3432
3485
3529
3547
3549
3577
3580
3591
3594
3596
3598
3604
3766
3777
3780
3782
3870
4108
4133
4147
4148
4173
4174
4176
4226
4271
4348
4380
4437
4488
4497
4498
4538
4539
4543
4547
4550
4552
4553
4614
4689
4787
4808
4825
4879
4917
4922
4929
4935
4944
4960
4975
4982
4995
5123
5155
5156
5259
5279
5482
5488
5503
5506
5511
5516
5548
5590
5723
5769
5825
5902
5915
5919
5924
5925
5961
5991
5998
6075
6114
6166
6391
6471
6479
6643
6687
6733
6844
6935
6936
6947
6957
6968
6977
6978
7095
7131
7191
7326
7340
7343
7345
7347
7350
7445
7484
7508
7735
7913
7973
7979
7984
8009
8016
8051
8065
8068
8073
8077
8078
8095
8195
8197
8217
8223
8293
8321
8337
8338
8348
8356
8358
8363
8373
8374
8392
8409
8453
8467
8469
8587
8619
8645
8649
8681
8703
8741
8769
8810
8827
8838
8839
8844
8848
8851
8872
8879
8885
8905
8909
8913
8914
8938
8967
8974
9003
9008
9013
9016
9036
9040
9045
9056
9057
9062
9075
9081
9267
9277
9281
9289
9313
9322
9340
9343
9346
9355
9359
9361
9366
9377
9386
9387
9401
9408
9426
9428
9437
9459
9474
9477
9481
9487
9489
9502
9504
9515
9533
9535
9552
9556
9559
9571
9574
9589
9606
9618
9621
9653
9654
9659
9660
9671
9688
9693
9696
9705
9732
9740
9741
9764
9797
9798
9799
9806
9882
9905
9910
9928
9950
9991
10020
10022
10056
10068
10072
10083
10098
10103
10131
10138
10140
10144
10161
10165
10191
10193
10195
10201
10202
10204
10238
10242
10247
10276
10297
10310
10312
10315
10316
10317
10322
10328
10331
10344
10347
10360
10366
10376
10386
10388
10404
10436
10515
10518
10528
10530
10536
10555
10557
10576
10590
10599
10637
10653
10669
10673
10681
10684
10734
10747
10764
10772
10774
10775
10784
10803
10846
10851
10857
10867
10881
10886
10890
10895
10911
10925
10935
10937
10948
10961
10985
10994
11005
11010
11016
11028
11031
11034
11036
11072
11085
11101
11113
11114
11139
11156
11165
11178
11197
11202
11206
11216
11219
11252
11285
11293
11297
11300
11310
11314
11316
11321
11324
11327
11331
11344
11349
11356
11368
11381
11423
11424
11426
11430
11448
11452
11454
11455
11462
11482
11489
11497
11513
11522
11527
11536
11549
11577
11584
11587
11590
11602
11621
11645
11646
11656
11657
11660
11673
11697
11700
11704
11705
11712
11778
11787
11825
11838
11873
11878
11881
11886
11901
11902
11916
11934
11943
11953
11963
11969
11974
11977
12079
12104
12113
12116
12155
12162
12163
12206
12232
12239
12403
12405
12429
12444
12477
12493
12506
12516
12548
12596
12620
12625
12690
12720
12761
12776
12832
13041
13155
13156
13183
13187
13189
13209
13222
13223
13291
13310
13320
13363
13364
13377
13382
13386
13448
13475
13528
13562
13666
13687
13696
13701
13742
13807
13809
13855
13888
13889
13911
13912
13928
14030
14069
14070
14071
14072
14097
14136
14160
14161
14163
14242
14306
14326
14468
14537
14550
14554
14574
14580
14638
14684
14696
14766
14819
14821
14869
15080
15121
15137
15143
15163
15244
15258
15267
15283
15370
15387
15512
15575
15739
15774
15794
15849
15876
15919
15969
16081
16085
16148
16154
16198
16227
16305
16306
16320
16328
16395
16448
16614
16632
16638
16664
16672
16690
16727
16769
16804
16850
16859
16869
16958
16987
16991
16992
16996
17078
17130
17185
17478
17481
17529
17622
17654
17661
17680
17687
17692
17729
17825
17836
17887
17917
17979
18079
18129
18148
18169
18174
18197
18232
18239
18254
18320
18333
18491
18533
18647
18721
18774
18784
18785
18898
18937
18988
19014
19100
19136
19140
19155
19316
19426
19625
19666
19884
19913
19995
19997
20122
20139
20246
20268
20277
20334
20352
20362
20367
20442
20453
20530
20604
20645
20663
20721
20766
20874
21057
21074
21131
21137
21334
21449
21451
21468
21490
21531
21575
21711
21735
21835
21849
21925
21964
22074
22240
22302
22327
22440
22460
22485
22527
22536
22538
22572
22584
22596
22660
22683
22717
22744
22794
22796
22826
22879
22881
22954
22999
23033
23114
23282
23479
23483
23631
23832
23908
24003
24008
24012
24032
24167
24203
24226
24253
24348
24428
24447
24508
24559
24650
24739
24774
24798
25009
25062
25205
25300
25364
25376
25430
25474
25495
25630
25673
25736
25768
25793
25842
25846
25904
26031
26040
26119
26237
26317
26451
26466
26842
26893
26928
26976
27022
27029
27030
27040
27064
27094
27102
27118
27190
27205
27211
27298
27327
27331
27461
27670
27686
27945
27952
28178
28261
28272
28285
28297
28435
28580
28696
28874
28941
28942
28963
28966
28971
28973
28974
28978
29005
29092
29204
29264
29266
29267
29415
29453
29455
29805
29845
29856
30018
30159
30497
30588
30634
30691
30734
30890
30959
31011
31174
31203
31214
31299
31374
31402
31408
31411
31413
31414
31516
31526
31589
31667
31681
31743
31866
31903
31936
31977
31993
32030
32318
32334
32520
32562
32574
32600
32961
33319
33324
33409
33667
33828
34000
34106
34148
34423
34462
34530
34544
34847
35022
35109
35861
35921
36113
36175
36206
36208
36557
36657
36685
36819
36872
36955
37094
37136
37165
37181
37247
37257
37430
37452
37533
37570
37698
37719
37724
37735
37797
37799
37861
37933
38142
38286
38288
38356
38442
38579
38705
38732
38757
38794
38828
38953
39452
39514
39781
40096
40378
40478
40574
40619
40805
40885
40910
40980
41089
41391
41428
41524
41593
41602
41662
41876
42108
42135
42164
42269
42305
42359
42513
42518
42581
42694
42726
43002
43004
43112
43118
43236
43316
43466
43469
43487
43615
43629
43705
43759
43766
43801
43824
43838
43882
44027
44115
44190
44214
44264
44284
44342
44361
44603
44766
44826
44833
44977
44992
45019
45269
45317
45569
45609
45612
45799
45938
45958
45970
46195
46326
46510
46592
46594
46629
46738
47096
47104
47156
47429
47473
47634
47697
47735
47837
47931
47957
47964
48138
48233
48282
48714
49013
49026
49040
49046
49047
49049
49051
49096
49387
49517
49521
49538
49781
49797
49849
50030
50183
50363
50456
50544
50549
50620
50646
51052
51303
51358
51497
51545
51608
51739
51802
51822
51876
51943
52153
52520
52556
52859
53021
53310
53401
53430
53565
53776
53879
54083
54419
54580
54890
55192
55197
55207
55589
55823
56292
56295
56518
56943
57082
57158
57564
57800
57834
57892
57970
58051
58077
58129
58744
58857
59050
59421
59468
59482
59484
59859
59962
59967
60243
60304
60308
60309
60537
60899
60935
61105
61149
61711
61791
61823
61991
62177
62211
62713
63070
63182
63311
64433
64635
64682
64689
64690
65203
65754
65851
66984
67375
67395
67740
67884
68718
68721
68722
68724
68728
68730
68734
68822
69266
69470
70006
70160
70410
70460
70670
70713
70981
71157
71562
71679
71688
71799
72032
72105
72113
73329
73582
74341
74349
74402
74879
75086
75404
75780
75877
76025
76115
76163
76170
76203
76341
77016
77338
77461
77844
77887
79697
80278
80321
81522
81831
82474
82633
82654
82675
82682
82690
82702
83389
83542
83651
83655
83656
83666
83801
84070
84175
84334
84644
84892
85043
85350
85444
85545
86000
86004
86238
86412
86825
86829
86838
87101
87421
87492
87502
87504
87516
87710
87827
88273
88431
91417
92321
94533
95243
95453
95482
95597
95762
95797
96721
99861
101299
102384
102630
102899
103236
103663
103689
103740
103747
105408
105864
106646
109080
109091
109424
109431
109445
109671
109907
110033
110415
110420
112403
112936
113148
114336
114372
115782
116745
117319
117653
118340
118628
119283
120467
120811
122699
122906
122917
123678
125157
125521
126045
126644
126889
127052
127380
127849
128190
129112
130593
130739
131631
132344
132363
133063
134411
135397
136294
136400
137106
137946
138697
138843
140607
140648
140823
140896
141052
143877
144789
146233
146238
148782
149870
149871
149952
150540
152532
152584
152601
152742
152747
152780
154400
156022
157336
157386
158445
158852
159220
162215
162903
166426
166428
167073
167221
168259
168672
171274
171372
173385
176256
177572
179267
179291
180762
180863
181283
181808
181812
181886
186988
187565
188761
190859
191820
192133
192558
194662
198184
198375
198540
198663
200654
201085
201749
203833
205220
205596
205775
206324
206487
207703
209112
210577
211672
214761
215739
215762
222936
225975
227156
227306
228150
228161
228970
229297
231401
236190
238713
240832
242582
244786
245891
246655
247645
250124
250766
251736
252511
252512
252611
253235
256472
256835
256836
258455
258480
259316
260513
260514
262904
264644
264660
265177
265189
265195
265228
266285
266856
269149
269494
270290
270487
271110
271718
271969
273248
273481
273886
274479
276907
276908
277834
279449
281957
282296
282758
283995
284052
284053
284054
285803
286192
286217
286521
287947
288289
288980
290098
290751
290859
292011
293167
293660
294016
295151
295699
296098
296524
296811
297222
297762
297802
297961
298112
298618
299534
299536
299537
300601
300605
300803
301337
301528
301804
303296
306819
307016
307081
307931
308980
310121
310135
310569
310993
311291
312221
312321
313369
314365
314388
315064
315465
315635
315837
315880
316029
317952
318846
320288
320685
321612
321697
324552
324807
324849
324857
325138
325385
325892
326359
326382
326474
326874
327935
328037
328589
329865
330457
330459
331482
332562
333339
333371
333381
334533
334541
334543
335250
335787
335977
335983
335984
336026
338766
338803
338952
338967
340613
340666
342588
343611
346364
346667
346698
348350
348678
348892
351286
351981
353066
353081
353486
354275
356296
359410
359724
359940
359983
360814
361128
363088
363676
363925
364689
366548
367412
368993
369059
369192
369885
369972
371638
372058
372754
373571
374720
375262
375315
375462
376166
376290
376389
376812
376867
377263
377273
378064
378108
379052
379099
380464
380641
380808
381283
381284
381289
382591
383498
385687
385805
388399
389015
390584
391713
391773
392044
393441
393457
393764
394117
395992
396371
396535
396940
398818
398978
399055
399121
399170
399174
399361
399404
399579
400617
400650
401847
402431
402897
404368
406000
406997
408537
408624
410220
412546
413543
413594
413767
413837
413992
414419
414906
417548
418533
419430
419704
420622
420809
420817
420818
421456
423949
424694
424783
425909
425942
426426
427641
428078
429197
429617
431819
432836
433085
434773
434775
436270
436305
437068
437103
437583
438148
438631
440298
440626
441889
443009
443585
446354
446791
447332
447365
447404
448341
449132
450465
452522
453278
453395
453405
454433
456740
456789
457136
457799
458156
458253
458723
460458
460793
462718
465914
466272
466420
467244
467909
468261
468996
470135
471853
472138
473033
473436
474331
474350
475215
475557
476197
476669
477018
479896
484468
487558
489932
489988
490082
491283
491474
491480
492015
492188
493899
493922
495193
496243
498517
500458
501170
501907
502033
502356
503919
504172
504253
504562
504585
504608
505192
506763
507086
507089
508947
509967
512195
513347
513604
514847
515001
515818
515916
515929
516729
517148
517317
517814
522162
522627
524434
525526
525661
527435
530382
530723
530915
531438
532067
532953
533514
533535
533992
534780
535292
537056
537996
541524
542135
542178
543540
543580
544404
545611
546554
547017
549509
551332
552398
553646
555319
556678
557648
558095
558449
559713
559969
560391
564147
565312
565770
566076
566525
566927
568124
568160
569038
569094
569547
570352
570661
571391
572154
575264
575417
575561
576709
580175
580489
581734
582014
582887
583406
586940
587030
587385
587412
587693
591222
597208
598826
599377
599845
599925
600583
601470
603692
606876
607145
607844
608755
610150
611207
612491
613486
613911
614017
614560
614930
614934
615115
615469
615643
616037
616747
616819
618162
621705
622855
623195
624860
626767
627290
629176
629500
631344
634120
634492
634649
635744
636146
636706
637113
637993
638507
639609
639933
640923
641483
644495
644583
645489
646380
650360
652837
653756
658412
660599
661539
664332
665387
666277
667140
667520
667538
670292
670981
671047
674324
674531
678512
681235
688301
695721
696806
697843
698687
699280
704630
705996
706872
711475
712150
714888
718488
718789
718930
719410
720557
745589
747188
753342
753965
756999
757860
760774
761270
763215
763329
764081
765367
766507
768331
781816
782054
786892
788935
792307
792358
793998
797787
801688
806368
812434
814365
823219
823464
826691
828947
830440
835113
844416
846795
848116
854345
855397
857702
863873
869602
872585
873126
875104
878005
881210
884605
889737
894958
895006
899082
901315
901362
912649
915935
917496
918864
920679
929590
933260
934584
934632
937287
937746
940721
945729
945961
959130
959226
959596
960876
967847
976573
977566
977731
979669
983683
988078
989730
990326
1008048
1011985
1013850
1022789
1028196
1029827
1029947
1034541
1040892
1051690
1056360
1063877
1065918
1068452
1073137
1100782
1108336
1113120
1118031
1118848
1120903
1125510
1132364
1136423
1150089
1168104
1182047
1184243
1186312
1189179
1193094
1211472
1214484
1227136
1231942
1232790
1239511
1278263
1280684
1305459
1328632
1356670
1448006